  -6.2465821e-06  -1.3047378e-05  -2.0128356e-05  -2.6956645e-05  -3.2930560e-05
  -3.7414051e-05  -3.9777609e-05  -3.9443527e-05  -3.5932957e-05  -2.8911940e-05
  -1.8233456e-05  -3.9726125e-06   1.3547713e-05   3.3743037e-05   5.5767006e-05
   7.8525801e-05   0.00010070760   0.00012082675   0.00013728147   0.00014842331
   0.00015263583   0.00014841952   0.00013447950   0.00010981237   7.3788494e-05
   2.6225976e-05  -3.2547077e-05  -0.00010164506  -0.00017959473  -0.00026432440
  -0.00035317370  -0.00044292463  -0.00052985361  -0.00060980380  -0.00067827618
  -0.00073053719  -0.00076174046  -0.00076705953  -0.00074182826  -0.00068168550
  -0.00058272036  -0.00044161476  -0.00025577979  -2.3482839e-05   0.00025603718
   0.00058246889   0.00095434364    0.0013689683    0.0018223765    0.0023092986
    0.0028231505    0.0033560410    0.0038987958    0.0044409983    0.0049710441
    0.0054762093    0.0059427279    0.0063558792    0.0067000808    0.0069589866
    0.0071155868    0.0071523085    0.0070511155    0.0067936059    0.0063611053
    0.0057347567    0.0048956052    0.0038246784    0.0025030623   0.00091197375
  -0.00096716854   -0.0031526744   -0.0056625103   -0.0085142229    -0.011724856
    -0.015310856    -0.019287964    -0.023671092    -0.028474170    -0.033709979
    -0.039389945    -0.045523906    -0.052119846    -0.059183587    -0.066718460
    -0.074724922    -0.083200168    -0.092137700     -0.10152689     -0.11135254
     -0.12159443     -0.13222695     -0.14321866     -0.15453201     -0.16612305
     -0.17794126     -0.18992944     -0.20202371     -0.21415354     -0.22624197
     -0.23820578     -0.24995582     -0.26139730     -0.27243020     -0.28294960
     -0.29284605     -0.30200599     -0.31031204     -0.31764342     -0.32387631
     -0.32888427     -0.33253872     -0.33470955     -0.33526579     -0.33407658
     -0.33101220     -0.32594551     -0.31875353     -0.30931946     -0.29753497
     -0.28330284     -0.26654005     -0.24718111     -0.22518187     -0.20052348
     -0.17321680     -0.14330685     -0.11087750    -0.076056083    -0.039017941
   9.3219146e-06     0.040742027     0.082837253      0.12589053      0.16943466
      0.21293983      0.25581546      0.29741378      0.33703566      0.37393872
      0.40734804      0.43646953      0.46050608      0.47867650      0.49023708
      0.49450554      0.49088709      0.47890186      0.45821325      0.42865611
      0.39026387      0.34329328      0.28824549      0.22588206      0.15723427
     0.083604287    0.0065567352    -0.072100630     -0.15034820     -0.22599838
     -0.29675237     -0.36026929     -0.41424691     -0.45651190     -0.48511727
     -0.49844331     -0.49529810     -0.47501232     -0.43752307     -0.38344064
     -0.31409225     -0.23153705     -0.13854712    -0.038550490     0.064466245
      0.16609646      0.26169112      0.34657101      0.41626598      0.46677094
      0.49480519      0.49805971      0.47541507      0.42711216      0.35485809
      0.26185163      0.15271586     0.033330267    -0.089438814     -0.20810368
     -0.31500226     -0.40280424     -0.46504567     -0.49665515     -0.49442944
     -0.45741513     -0.38715426     -0.28775747     -0.16577840    -0.029876200
      0.10972918      0.24198566      0.35587767      0.44137245      0.49036568
      0.49753806      0.46103179      0.38286180      0.26899270      0.12903778
    -0.024429770     -0.17692330     -0.31337487     -0.41964092     -0.48403660
     -0.49873308     -0.46084796     -0.37307443     -0.24373063    -0.086166260
     0.082466028      0.24298797      0.37635686      0.46597827      0.49989276
      0.47254409      0.38585988      0.24943816     0.079732717     -0.10174313
     -0.27103503     -0.40489521     -0.48405869     -0.49618696     -0.43801898
     -0.31634140     -0.14752978     0.044391575      0.23099692      0.38361379
      0.47779985      0.49744584      0.43780220      0.30683889      0.12457383
    -0.079679839     -0.27183925     -0.41869924     -0.49378841     -0.48239769
     -0.38480057     -0.21693063   -0.0081936410      0.20339071      0.37798863
      0.48151911      0.49255667      0.40714493      0.24039513     0.024306448
     -0.19801731     -0.38080495     -0.48511178     -0.48740808     -0.38533122
     -0.19913546     0.031786802      0.25687340      0.42534600      0.49782711
      0.45595227      0.30756714     0.085964506     -0.15705848     -0.36303854
     -0.48097162     -0.48032977     -0.35958468     -0.14774256      0.10197434
      0.32515065      0.46286040      0.47772020      0.36484871      0.15433123
    -0.096070687     -0.31650179     -0.44485380     -0.44520450     -0.31913849
     -0.10597285      0.12886395      0.31420287      0.39592378      0.35447166
      0.21072413     0.017730794     -0.15888750     -0.26451166     -0.27392654
     -0.19752674    -0.073573480     0.049254568      0.13097885      0.15322843
      0.12176172     0.059458696   -0.0055833653    -0.051197181    -0.067473137
    -0.057080607    -0.031006906   -0.0024867049     0.018193940     0.026405411
     0.023137294     0.013014394    0.0016246961   -0.0067042935    -0.010032832
   -0.0087661729   -0.0048010358  -0.00040133835    0.0027188298    0.0038401758
    0.0031919416    0.0015769024  -9.8849726e-05   -0.0011915391   -0.0014776155
   -0.0011074180  -0.00043277443   0.00018908928   0.00053402670   0.00055621924
   0.00035066540   7.2204118e-05  -0.00014428254  -0.00023141451  -0.00019539346
  -9.0611538e-05   1.7532691e-05   8.2954918e-05   9.1975601e-05   5.8945832e-05
   1.1475584e-05  -2.5411982e-05  -3.9174840e-05  -3.1266838e-05  -1.2143105e-05
   6.1220048e-06   1.5664234e-05   1.5010249e-05   7.7429538e-06  -6.9295472e-07
  -6.0468918e-06  -6.8359609e-06  -4.1646394e-06  -4.0308600e-07   2.3182185e-06
   3.0385778e-06   2.0579217e-06   3.9904469e-07  -9.1168416e-07  -1.3439863e-06
  -9.6790271e-07  -2.3140347e-07   3.8027214e-07   5.9887586e-07   4.4026880e-07
   1.0739033e-07  -1.7199600e-07  -2.7022946e-07  -1.9450396e-07  -4.0842494e-08
   8.4191894e-08   1.2316668e-07   8.2959155e-08   1.0892776e-08  -4.3509358e-08
  -5.6141879e-08  -3.3535000e-08   3.6338666e-10   2.2947051e-08   2.5160313e-08
   1.2334878e-08  -3.3499092e-09  -1.1962095e-08  -1.0810459e-08  -3.7229033e-09
   3.2294682e-09   5.9917493e-09   4.2803482e-09   5.6469734e-10  -2.2732633e-09
  -2.8006276e-09  -1.4440042e-09   3.5560360e-10   1.3450311e-09   1.1724615e-09
