       1.0000000      0.93941306      0.88249690      0.82902912      0.77880078
      0.73161563      0.68728928      0.64564853      0.60653066      0.56978282
      0.53526143      0.50283158      0.47236655      0.44374731      0.41686202
      0.39160563      0.36787944      0.34559075      0.32465247      0.30498277
      0.28650480      0.26914635      0.25283960      0.23752082      0.22313016
      0.20961139      0.19691168      0.18498140      0.17377394      0.16324551
      0.15335497      0.14406366      0.13533528      0.12713573      0.11943297
      0.11219689      0.10539922     0.099013408     0.093014489     0.087379026
     0.082084999     0.077111720     0.072439757     0.068050854     0.063927861
     0.060054668     0.056416140     0.052998058     0.049787068     0.046770622
     0.043936934     0.041274929     0.038774208     0.036424997     0.034218118
     0.032144947     0.030197383     0.028367816     0.026649097     0.025034510
     0.023517746     0.022092878     0.020754338     0.019496896     0.018315639
     0.017205950     0.016163495     0.015184198     0.014264234     0.013400008
     0.012588142     0.011825465     0.011108997     0.010435936    0.0098036550
    0.0092096816    0.0086516952    0.0081275155    0.0076350942    0.0071725072
    0.0067379470    0.0063297154    0.0059462174    0.0055859543    0.0052475184
    0.0049295873    0.0046309187    0.0043503456    0.0040867714    0.0038391665
    0.0036065631    0.0033880525    0.0031827808    0.0029899459    0.0028087942
    0.0026386180    0.0024787522    0.0023285722    0.0021874911    0.0020549577
    0.0019304541    0.0018134938    0.0017036198    0.0016004027    0.0015034392
    0.0014123504    0.0013267804    0.0012463949    0.0011708796    0.0010999396
    0.0010332976   0.00097069330   0.00091188197   0.00085663383   0.00080473301
   0.00075597670   0.00071017439   0.00066714710   0.00062672670   0.00058875525
   0.00055308437   0.00051957468   0.00048809524   0.00045852305   0.00043074254
   0.00040464517   0.00038012896   0.00035709811   0.00033546263   0.00031513797
   0.00029604473   0.00027810829   0.00026125856   0.00024542970   0.00023055987
   0.00021659095   0.00020346837   0.00019114084   0.00017956021   0.00016868120
   0.00015846133   0.00014886064   0.00013984163   0.00013136905   0.00012340980
   0.00011593278   0.00010890877   0.00010231032   9.6111652e-05   9.0288541e-05
   8.4818235e-05   7.9679358e-05   7.4851830e-05   7.0316787e-05   6.6056508e-05
   6.2054347e-05   5.8294664e-05   5.4762769e-05   5.1444860e-05   4.8327974e-05
   4.5399930e-05   4.2649287e-05   4.0065297e-05   3.7637864e-05   3.5357501e-05
   3.3215298e-05   3.1202885e-05   2.9312398e-05   2.7536449e-05   2.5868100e-05
   2.4300831e-05   2.2828518e-05   2.1445408e-05   2.0146097e-05   1.8925506e-05
   1.7778868e-05   1.6701701e-05   1.5689796e-05   1.4739199e-05   1.3846196e-05
   1.3007298e-05   1.2219225e-05   1.1478900e-05   1.0783429e-05   1.0130094e-05
   9.5163423e-06   8.9397762e-06   8.3981426e-06   7.8893248e-06   7.4113348e-06
   6.9623047e-06   6.5404800e-06   6.1442124e-06   5.7719533e-06   5.4222484e-06
   5.0937309e-06   4.7851174e-06   4.4952018e-06   4.2228513e-06   3.9670017e-06
   3.7266532e-06   3.5008667e-06   3.2887599e-06   3.0895040e-06   2.9023204e-06
   2.7264777e-06   2.5612888e-06   2.4061081e-06   2.2603294e-06   2.1233830e-06
   1.9947337e-06   1.8738789e-06   1.7603463e-06   1.6536923e-06   1.5535002e-06
   1.4593784e-06   1.3709591e-06   1.2878969e-06   1.2098671e-06   1.1365650e-06
   1.0677040e-06   1.0030151e-06   9.4224548e-07   8.8515771e-07   8.3152872e-07
   7.8114894e-07   7.3382152e-07   6.8936152e-07   6.4759522e-07   6.0835941e-07
   5.7150077e-07   5.3687529e-07   5.0434766e-07   4.7379078e-07   4.4508525e-07
   4.1811890e-07   3.9278635e-07   3.6898863e-07   3.4663274e-07   3.2563133e-07
   3.0590232e-07   2.8736864e-07   2.6995785e-07   2.5360193e-07   2.3823697e-07
   2.2380292e-07   2.1024339e-07   1.9750538e-07   1.8553914e-07   1.7429789e-07
   1.6373771e-07   1.5381735e-07   1.4449802e-07   1.3574333e-07   1.2751906e-07
   1.1979307e-07
