 0.998088
 1.00058
 1.00007
 1.00085
 0.999086
 1.00013
 1.00114
 0.999925
 1.00042
 1.00063
 1.00064
 0.999636
 1.00013
 0.999742
 1.00007
 1.00132
 0.999664
 0.999608
 0.999392
 0.999136
 1.00104
 1.00014
 0.999760
 1.00110
 0.999397
 0.999610
 0.998294
 0.998431
 0.998846
 0.999190
 0.998581
 1.00151
 0.999167
 1.00092
 1.00044
 0.999879
 1.00071
 0.998279
 1.00031
 0.999818
 0.998973
 1.00086
 0.994858
 0.997352
 0.996440
 0.994283
 0.994575
 0.995698
 0.994824
 0.994713
 0.995482
 0.994736
 0.996792
 0.995706
 0.994752
 0.993211
 0.994558
 0.993956
 0.995004
 0.993613
 0.993948
 0.995872
 0.996478
 0.994574
 0.995362
 0.995290
 0.996243
 0.993112
 1.00004
 0.997920
 0.999602
 1.00021
 1.00079
 0.999311
 1.00047
 0.999404
 0.999304
 1.00148
 1.00072
 1.00014
 1.00301
 1.00228
 0.998727
 1.00173
 0.998629
 1.00067
 1.00009
 0.999671
 1.00097
 1.00040
 1.00117
 1.00081
 0.999229
 0.998998
 0.999459
 1.00084
 0.999723
 1.00293
 1.00184
 0.998846
 1.00044
 1.00008
 0.999624
 0.999991
 1.00027
 0.999140
 1.00034
 1.00097
 1.00092
 0.998008
 1.00049
 0.999557
 0.998361
 0.997969
 0.999991
 1.00061
 0.998795
 1.00178
 0.999991
 1.00003
 